 1 78473
 2 68318
 3 25703
 4 34154
 5 50505
 6 28162
 7 30133
 8 8756
 9 9609
 10 6616
 11 8711
 12 11701
 13 4277
 14 93
 15 976
 16 2089
 17 2591
 18 9351
 19 15262
 20 51
 21 343
 22 740
 23 507
 24 212
 25 5101
 26 9293
 27 38
 28 63
 29 131
 30 282
 31 327
 32 1162
 33 2048
 34 40
 35 32
 36 70
 37 190
 38 311
 39 500
 40 793
 41 90
 42 83
 43 121
 44 291
 45 3487
 46 285
 47 439
 48 313
 49 95
 50 245
 51 504
 52 390
 53 331
 54 310
 55 161
 56 105
 57 247
 58 381
 59 371
 60 241
 61 171
 62 109
 63 193
 64 298
 65 338
 66 272
 67 88
 68 215
 69 129
 70 211
 71 649
 72 536
 73 540
 74 90
 75 266
 76 242
 77 504
 78 1913
 79 656
 80 666
 81 92
 82 505
 83 851
 84 697
 85 1173
 86 129
 87 108
 88 95
 89 645
 90 1148
 91 191
 92 164
 93 101
 94 75
 95 104
 96 174
 97 140
 98 133
 99 130
 100 70
 101 67
 102 64
 103 133
 104 132
 105 119
 106 129
 107 34
 108 48
 109 51
 110 119
 111 163
 112 83
 113 67
 114 36
 115 96
 116 74
 117 103
 118 248
 119 48
 120 54
 121 59
 122 73
 123 72
 124 80
 125 49
 126 40
 127 38
 128 34
 129 52
 130 37
 131 69
 132 37
 133 28
 134 32
 135 49
 136 39
 137 35
 138 61
 139 24
 140 32
 141 36
 142 45
 143 31
 144 57
 145 57
 146 39
 147 32
 148 35
 149 30
 150 40
 151 46
 152 61
 153 43
 154 24
 155 39
 156 56
 157 33
 158 36
 159 39
 160 9
 161 28
 162 35
 163 33
 164 32
 165 93
 166 42
 167 19
 168 22
 169 36
 170 28
 171 28
 172 25
 173 38
 174 19
 175 35
 176 29
 177 27
 178 25
 179 31
 180 42
 181 22
 182 26
 183 28
 184 35
 185 29
 186 32
 187 36
 188 18
 189 34
 190 25
 191 33
 192 21
 193 35
 194 23
 195 16
 196 20
 197 27
 198 31
 199 18
 200 27
 201 15
 202 13
 203 24
 204 23
 205 20
 206 21
 207 24
 208 14
 209 23
 210 24
 211 22
 212 19
 213 11
 214 14
 215 14
 216 30
 217 43
 218 43
 219 45
 220 20
 221 19
 222 20
 223 38
 224 29
 225 28
 226 16
 227 21
 228 22
 229 24
 230 23
 231 16
 232 24
 233 12
 234 15
 235 8
 236 10
 237 22
 238 15
 239 25
 240 9
 241 11
 242 9
 243 13
 244 17
 245 19
 246 17
 247 8
 248 14
 249 15
 250 13
 251 10
 252 21
 253 15
 254 14
 255 14
 256 9
 257 14
 258 21
 259 11
 260 13
 261 9
 262 12
 263 21
 264 15
 265 11
 266 11
 267 16
 268 8
 269 16
 270 17
 271 10
 272 11
 273 19
 274 13
 275 14
 276 18
 277 8
 278 11
 279 16
 280 25
 281 8
 282 9
 283 22
 284 13
 285 9
 286 4
 287 6
 288 7
 289 21
 290 18
 291 11
 292 5
 293 6
 294 9
 295 16
 296 17
 297 15
 298 6
 299 6
 300 6
 301 13
 302 21
 303 13
 304 17
 305 9
 306 10
 307 10
 308 13
 309 13
 310 18
 311 18
 312 6
 313 8
 314 18
 315 13
 316 17
 317 14
 318 4
 319 2
 320 4
 321 14
 322 10
 323 7
 324 8
 325 5
 326 7
 327 10
 328 7
 329 5
 330 5
 331 10
 332 10
 333 4
 334 7
 335 4
 336 9
 337 8
 338 11
 339 12
 340 9
 341 12
 342 6
 343 5
 344 4
 345 15
 346 16
 347 15
 348 12
 349 4
 350 2
 351 7
 352 17
 353 16
 354 13
 355 3
 356 6
 357 2
 358 8
 359 9
 360 13
 361 16
 362 3
 363 2
 364 4
 365 14
 366 14
 367 10
 368 21
 369 7
 370 6
 371 4
 372 12
 373 13
 374 14
 375 19
 376 2
 377 1
 378 5
 379 11
 380 18
 381 13
 382 15
 383 4
 384 7
 385 8
 386 13
 387 16
 388 16
 389 13
 390 5
 391 10
 392 8
 393 9
 394 13
 395 10
 396 13
 397 4
 398 2
 399 7
 400 6
 401 10
 402 8
 403 7
 404 2
 405 7
 406 13
 407 10
 408 14
 409 9
 410 10
 411 6
 412 9
 413 9
 414 8
 415 14
 416 11
 417 12
 418 11
 419 8
 420 10
 421 4
 422 7
 423 15
 424 9
 425 6
 426 3
 427 4
 428 4
 429 12
 430 15
 431 8
 433 2
 434 6
 435 5
 436 12
 437 9
 438 4
 439 3
 440 3
 441 5
 442 7
 443 5
 444 9
 445 3
 446 1
 447 2
 448 5
 449 7
 450 6
 451 8
 452 6
 453 4
 454 8
 455 9
 456 3
 457 9
 458 5
 459 2
 460 6
 461 10
 462 6
 463 1
 464 4
 465 3
 466 3
 467 7
 468 4
 469 1
 470 1
 471 3
 472 6
 473 11
 474 2
 475 9
 476 5
 477 1
 478 1
 479 8
 480 15
 481 6
 482 6
 483 3
 484 2
 485 6
 486 14
 487 9
 488 4
 489 3
 490 1
 491 3
 492 6
 493 10
 494 4
 495 4
 496 3
 498 3
 499 7
 500 12
 501 7
 502 3
 504 3
 505 10
 506 10
 507 4
 508 4
 509 6
 510 7
 511 8
 512 8
 513 6
 514 6
 515 11
 516 8
 517 5
 518 5
 519 3
 520 12
 521 11
 522 12
 523 6
 524 5
 525 3
 526 6
 527 9
 528 7
 529 4
 531 2
 532 6
 533 7
 534 5
 535 3
 538 1
 539 2
 540 2
 541 4
 542 2
 543 1
 544 1
 545 1
 546 2
 547 5
 548 3
 549 2
 550 3
 551 2
 552 3
 553 2
 554 5
 555 10
 556 1
 559 1
 560 4
 561 6
 565 2
 566 5
 567 5
 568 8
 569 3
 571 2
 572 2
 573 3
 574 8
 575 2
 576 1
 577 2
 578 2
 579 5
 580 1
 581 3
 586 2
 587 4
 588 1
 592 1
 593 3
 594 4
 597 1
 598 2
 599 1
 600 3
 601 1
 602 1
 603 2
 604 1
 605 1
 606 1
 607 4
 608 4
 609 1
 610 3
 612 1
 613 3
 614 7
 615 9
 616 2
 617 3
 619 1
 620 4
 621 4
 622 6
 623 1
 624 3
 625 1
 626 3
 627 5
 628 6
 630 1
 631 3
 633 1
 634 6
 635 9
 636 2
 637 3
 640 4
 641 13
 642 6
 643 1
 644 3
 645 1
 646 2
 647 5
 648 16
 649 4
 650 3
 652 1
 653 6
 654 12
 655 1
 656 3
 657 3
 658 1
 659 2
 660 3
 661 9
 663 3
 664 7
 665 2
 666 3
 667 7
 668 3
 669 2
 670 6
 671 2
 672 2
 673 4
 674 2
 675 8
 676 4
 679 1
 680 2
 681 2
 682 5
 685 5
 686 5
 687 5
 688 4
 689 1
 690 2
 691 5
 692 6
 693 3
 694 4
 696 3
 697 8
 698 3
 699 6
 700 4
 701 1
 702 1
 703 2
 704 4
 705 1
 706 3
 707 2
 708 2
 709 4
 710 1
 711 2
 712 1
 713 1
 714 1
 717 1
 718 2
 719 3
 722 1
 723 2
 724 4
 728 2
 729 5
 733 1
 734 2
 735 2
 736 3
 739 1
 740 3
 741 3
 742 2
 743 3
 744 1
 745 2
 747 1
 748 4
 749 4
 750 4
 751 1
 752 1
 753 1
 754 3
 755 1
 756 5
 757 5
 759 1
 760 3
 761 1
 762 3
 763 4
 764 3
 765 1
 766 1
 767 3
 769 1
 770 4
 771 4
 772 4
 773 3
 776 1
 777 5
 778 7
 779 3
 783 1
 784 8
 785 9
 788 1
 790 2
 791 8
 792 6
 796 1
 797 4
 798 11
 799 3
 802 1
 803 3
 804 5
 805 7
 806 4
 807 1
 808 2
 809 1
 810 3
 811 4
 812 7
 813 3
 816 1
 817 3
 818 3
 819 8
 822 1
 823 3
 824 1
 825 3
 826 3
 828 2
 829 3
 832 1
 833 3
 834 2
 835 4
 836 3
 839 2
 840 3
 841 2
 842 6
 845 1
 846 4
 847 4
 848 4
 849 4
 850 1
 851 1
 852 3
 853 1
 854 4
 855 4
 856 4
 857 1
 858 1
 859 5
 860 3
 861 4
 862 3
 863 3
 864 1
 865 3
 866 1
 867 3
 868 3
 869 1
 870 3
 871 1
 872 3
 874 1
 875 3
 876 1
 877 4
 878 3
 881 1
 882 4
 883 2
 884 5
 885 3
 887 2
 888 4
 889 3
 890 2
 891 6
 893 3
 894 5
 895 1
 897 3
 898 8
 899 4
 900 2
 903 2
 904 6
 905 5
 908 1
 909 3
 910 1
 911 2
 912 3
 915 1
 916 2
 917 1
 918 1
 919 3
 920 1
 921 2
 923 1
 924 4
 925 3
 930 3
 931 5
 937 1
 938 3
 941 1
 942 1
 943 1
 944 3
 945 3
 947 1
 948 2
 951 1
 952 4
 953 2
 958 1
 959 3
 963 1
 964 2
 965 3
 969 1
 970 2
 974 2
 975 3
 976 1
 980 1
 981 2
 985 1
 986 2
 988 1
 999 1
 1005 1
 1006 3
 1012 1
 1013 3
 1017 1
 1018 1
 1019 3
 1025 1
 1026 4
 1031 1
 1032 4
 1033 3
 1037 1
 1038 3
 1039 1
 1040 3
 1044 1
 1045 3
 1046 2
 1047 5
 1048 2
 1049 1
 1050 2
 1051 3
 1052 1
 1053 4
 1054 7
 1055 2
 1056 1
 1057 4
 1058 4
 1059 1
 1060 4
 1061 7
 1063 1
 1064 3
 1067 3
 1068 10
 1069 2
 1070 4
 1074 5
 1075 12
 1076 2
 1077 3
 1079 1
 1080 3
 1081 5
 1082 10
 1083 3
 1085 1
 1086 2
 1087 2
 1088 7
 1089 4
 1091 1
 1094 1
 1095 3
 1100 1
 1101 3
 1106 1
 1107 4
 1113 2
 1114 3
 1118 1
 1119 2
 1120 2
 1124 1
 1125 4
 1129 1
 1131 1
 1132 3
 1137 1
 1138 4
 1139 1
 1140 1
 1141 1
 1143 1
 1144 3
 1145 5
 1146 3
 1149 2
 1150 6
 1151 7
 1155 1
 1156 3
 1157 4
 1158 3
 1163 2
 1164 6
 1170 2
 1171 7
 1172 1
 1173 1
 1176 2
 1177 4
 1178 5
 1182 2
 1183 5
 1184 1
 1185 2
 1187 1
 1189 1
 1190 3
 1196 1
 1197 3
 1203 1
 1204 3
 1208 1
 1209 1
 1210 2
 1211 3
 1214 1
 1215 2
 1217 1
 1218 2
 1219 1
 1220 2
 1242 1
 1248 1
 1249 3
 1255 1
 1256 2
 1259 2
 1286 1
 1287 1
 1288 1
 1292 1
 1293 2
 1297 1
 1298 2
 1302 1
 1305 1
 1306 1
 1307 1
 1311 2
 1312 2
 1316 1
 1317 3
 1318 3
 1324 1
 1325 3
 1330 1
 1331 1
 1332 3
 1336 1
 1337 4
 1338 3
 1342 1
 1343 3
 1344 1
 1345 3
 1348 1
 1349 3
 1350 1
 1351 4
 1355 1
 1356 3
 1357 2
 1358 6
 1359 2
 1360 1
 1361 2
 1362 2
 1363 4
 1364 4
 1365 4
 1366 2
 1368 1
 1369 4
 1370 4
 1371 3
 1372 2
 1375 2
 1376 7
 1377 1
 1378 1
 1381 2
 1382 4
 1383 2
 1387 1
 1388 3
 1389 4
 1390 1
 1391 1
 1392 1
 1393 1
 1394 1
 1395 2
 1396 5
 1398 1
 1399 2
 1400 1
 1401 3
 1402 3
 1403 1
 1404 2
 1407 1
 1408 3
 1412 1
 1413 2
 1414 3
 1419 1
 1420 2
 1423 1
 1424 1
 1425 1
 1429 1
 1430 2
 1434 1
 1435 2
 1441 1
 1446 1
 1452 2
 1453 3
 1457 1
 1459 1
 1460 3
 1466 1
 1467 3
 1473 1
 1474 3
 1480 1
 1481 3
 1487 1
 1488 3
 1494 1
 1495 3
 1501 2
 1502 4
 1503 2
 1505 1
 1506 1
 1507 3
 1508 4
 1511 1
 1512 3
 1513 2
 1516 1
 1517 2
 1556 1
 1562 1
 1563 3
 1568 1
 1569 3
 1574 1
 1575 1
 1576 3
 1581 1
 1582 3
 1588 1
 1589 3
 1595 1
 1596 3
 1602 1
 1603 3
 1606 1
 1608 1
 1609 3
 1615 1
 1616 3
 1621 1
 1622 3
 1628 1
 1629 3
 1634 1
 1635 2
 1636 4
 1639 1
 1640 1
 1641 4
 1642 2
 1645 1
 1646 2
 1653 1
 1657 1
 1658 1
 1659 1
 1663 1
 1664 2
 1668 1
 1669 2
 1671 1
 1686 1
 1693 1
 1694 1
 1695 1
 1699 1
 1700 2
 1704 1
 1705 2
 1707 1
 1716 1
 1718 1
 1719 1
 1720 1
 1724 1
 1725 2
 1726 1
 1727 2
 1728 2
 1729 2
 1730 2
 1732 1
 1733 3
 1734 2
 1737 1
 1738 3
 1739 2
 1756 1
 1757 1
 1758 1
 1762 1
 1763 2
 1765 1
 1767 1
 1768 2
 1784 1
 1785 1
 1786 1
 1790 1
 1791 3
 1792 1
 1793 1
 1795 1
 1796 2
 1797 1
 1798 2
 1802 1
 1803 2
 1804 1
 1805 1
 1806 1
 1810 1
 1811 3
 1815 1
 1816 2
 1818 1
 1819 1
 1820 1
 1821 1
 1824 1
 1825 2
 1829 1
 1830 3
 1842 1
 1860 1
 1866 1
 1893 1
 1900 1
 1901 1
 1902 1
 1906 1
 1907 2
 1911 1
 1912 2
 1917 1
 1920 1
 1984 1
 1985 1
 1986 1
 1990 1
 1991 2
 1995 1
 1996 2
 2023 1
 2039 1
 2042 1
 2043 1
 2044 1
 2048 1
 2049 2
 2050 1
 2051 1
 2052 1
 2053 1
 2054 2
 2056 1
 2057 2
 2061 1
 2062 2
 2074 1
 2075 1
 2076 1
 2080 1
 2081 2
 2085 1
 2086 2
 2096 1
 2098 1
 2099 1
 2100 1
 2104 1
 2105 2
 2109 1
 2110 2
 2124 1
 2150 1
 2152 1
 2188 1
 2196 1
 2205 1
 2328 1
 2329 1
 2330 2
 2331 1
 2332 1
 2334 1
 2335 2
 2336 1
 2337 2
 2339 1
 2340 2
 2341 1
 2342 2
 2378 1
 2408 1
 2409 1
 2410 1
 2414 1
 2415 2
 2419 1
 2420 2
 2424 1
 2425 1
 2426 1
 2430 1
 2431 2
 2435 1
 2436 2
 2438 1
 2454 1
 2455 1
 2456 1
 2460 1
 2461 2
 2465 1
 2466 2
 2505 1
 2511 1
 2512 4
 2518 1
 2519 3
 2525 1
 2526 3
 2530 1
 2531 1
 2532 2
 2533 3
 2536 1
 2537 2
 2539 2
 2540 2
 2541 1
 2542 2
 2545 1
 2546 3
 2547 1
 2548 1
 2549 1
 2552 1
 2553 3
 2554 2
 2558 1
 2559 2
 2576 1
 2615 1
 2620 1
 2621 1
 2622 1
 2626 1
 2627 2
 2631 1
 2632 3
 2645 1
 2646 1
 2647 1
 2651 1
 2652 2
 2656 1
 2657 2
 2668 1
 2706 1
 2729 1
 2737 1
 2743 1
 2744 2
 2750 1
 2751 1
 2752 1
 2754 1
 2756 1
 2757 2
 2761 1
 2762 2
 2772 1
 2778 1
 2779 3
 2785 1
 2786 3
 2792 1
 2793 3
 2799 1
 2800 3
 2806 1
 2807 3
 2812 1
 2813 3
 2819 1
 2820 3
 2825 1
 2826 2
 2829 1
 2830 1
 2831 1
 2835 1
 2836 2
 2840 1
 2841 2
 2868 1
 2907 1
 2974 1
 3063 1
 3064 1
 3065 1
 3069 1
 3070 2
 3074 1
 3075 2
 3091 1
 3097 1
 3098 3
 3104 1
 3105 3
 3110 1
 3111 3
 3117 1
 3118 3
 3123 1
 3124 3
 3129 1
 3130 3
 3136 1
 3137 3
 3143 1
 3144 3
 3149 1
 3150 3
 3155 1
 3156 2
 3170 1
 3171 1
 3172 1
 3176 1
 3177 2
 3181 1
 3182 2
 3184 1
 3185 1
 3186 1
 3190 1
 3191 2
 3195 1
 3196 2
 3214 1
 3215 1
 3216 1
 3220 1
 3221 2
 3225 1
 3226 2
 3235 1
 3306 1
 3307 1
 3340 1
 3341 1
 3342 1
 3346 1
 3347 2
 3351 1
 3352 2
 3368 1
 3430 1
 3431 1
 3432 1
 3436 1
 3437 2
 3441 1
 3442 2
 3447 1
 3513 1
 3522 1
 3529 1
 3530 1
 3531 1
 3535 1
 3536 2
 3540 1
 3541 2
 3550 1
 3587 1
 3648 1
 3798 1
 3821 1
 3822 1
 3823 1
 3827 1
 3828 2
 3832 1
 3833 2
 3910 1
 3949 1
 3950 1
 3951 1
 3955 1
 3956 2
 3960 1
 3961 2
 3987 1
 4015 1
 4031 1
 4124 1
 4180 1
 4182 1
 4183 1
 4184 1
 4188 1
 4189 2
 4193 1
 4194 2
 4197 1
 4201 1
 4203 1
 4204 3
 4209 1
 4210 4
 4211 1
 4212 1
 4216 2
 4217 5
 4221 1
 4222 3
 4223 3
 4228 1
 4229 1
 4230 4
 4231 1
 4232 1
 4236 2
 4237 5
 4241 1
 4242 3
 4243 3
 4249 1
 4250 3
 4255 1
 4256 3
 4262 1
 4263 3
 4268 1
 4269 3
 4274 1
 4275 2
 4282 1
 4283 1
 4284 1
 4288 1
 4289 2
 4293 1
 4294 2
 4305 1
 4377 1
 4469 1
 4478 1
 4479 1
 4480 1
 4484 1
 4485 2
 4489 1
 4490 2
 4583 1
 4641 1
 4666 1
 4680 1
 4681 1
 4682 1
 4686 1
 4687 2
 4691 1
 4692 2
 4780 1
 4781 1
 4782 1
 4786 1
 4787 2
 4791 1
 4792 3
 4793 1
 4794 2
 4798 1
 4799 2
 4803 1
 4804 2
 4828 1
 4829 1
 4830 1
 4834 1
 4835 2
 4839 2
 4840 3
 4841 1
 4845 1
 4846 2
 4850 1
 4851 2
 5052 1
 5081 1
 5136 1
 5139 1
 5140 1
 5141 1
 5145 1
 5146 2
 5150 1
 5151 2
 5174 1
 5175 1
 5176 1
 5180 1
 5181 2
 5185 1
 5186 2
 5188 1
 5196 1
 5197 1
 5198 1
 5202 1
 5203 2
 5207 1
 5208 2
 5212 1
 5213 1
 5214 1
 5218 1
 5219 2
 5223 1
 5224 2
 5276 1
 5379 1
 5468 1
 5496 1
 5572 1
 5573 1
 5574 1
 5578 1
 5579 2
 5583 1
 5584 2
 5634 1
 5635 1
 5636 1
 5640 1
 5641 2
 5645 1
 5646 2
 5695 1
 5730 1
 6051 1
 6085 1
 6095 1
 6104 1
 6247 1
 6387 1
 6388 1
 6389 1
 6393 1
 6394 2
 6398 1
 6399 2
 6511 1
 6512 1
 6513 1
 6517 1
 6518 2
 6522 1
 6523 2
 6614 1
 6620 1
 6621 3
 6627 1
 6628 2
 6647 1
 6696 1
 6820 1
 6888 1
 6889 1
 6890 1
 6894 1
 6895 2
 6899 1
 6900 2
 7005 1
 7011 1
 7012 2
 7020 1
 7080 1
 7129 2
 7271 1
 7370 1
 7506 1
 7507 1
 7508 1
 7512 1
 7513 2
 7517 1
 7518 2
 7618 1
 7635 1
 7683 1
 7987 1
 8052 1
 8098 1
 8125 1
 8225 1
 8355 1
 8423 1
 8470 1
 8476 1
 8477 3
 8483 1
 8484 3
 8489 1
 8490 3
 8496 1
 8497 3
 8503 1
 8504 2
 8643 1
 8644 1
 8645 1
 8649 1
 8650 2
 8654 1
 8655 2
 8746 1
 9170 1
 9171 1
 9172 1
 9176 1
 9177 2
 9181 1
 9182 2
 9366 1
 9589 1
 9660 1
 9738 1
 10213 1
 10311 1
 10312 1
 10313 1
 10317 1
 10318 2
 10322 1
 10323 2
 10574 1
 10582 1
 10625 1
 10877 1
 10878 1
 10879 1
 10883 1
 10884 2
 10888 1
 10889 2
 10911 1
 11002 1
 11641 1
 11799 2
 11800 1
 11801 1
 11805 1
 11806 2
 11810 1
 11811 2
 11855 1
 12389 1
 12584 1
 12630 1
 12636 1
 12637 3
 12643 1
 12644 3
 12650 1
 12651 2
 12981 1
 12982 1
 12983 1
 12987 1
 12988 2
 12992 1
 12993 2
 13249 1
 13255 1
 13256 3
 13257 1
 13258 1
 13259 1
 13262 1
 13263 3
 13264 2
 13268 1
 13269 2
 13380 1
 13381 1
 13382 1
 13386 1
 13387 2
 13391 1
 13392 2
 13618 1
 14085 1
 14306 1
 14312 1
 14313 3
 14318 1
 14319 3
 14325 1
 14326 3
 14331 1
 14332 3
 14338 1
 14339 3
 14344 1
 14345 3
 14351 1
 14352 3
 14357 1
 14358 2
 14505 1
 14510 1
 14511 1
 14512 1
 14516 1
 14517 2
 14521 1
 14522 2
 14774 1
 14939 1
 14940 2
 14941 2
 14942 1
 14945 1
 14946 3
 14947 2
 14948 1
 14950 1
 14951 3
 14952 2
 14995 1
 15353 1
 15354 1
 15355 1
 15359 1
 15360 2
 15364 1
 15365 2
 15669 1
 15699 1
 15799 1
 15959 1
 16525 1
 17358 1
 17480 1
 18054 1
 18480 1
 18738 1
 19372 1
 19373 1
 19374 1
 19378 1
 19379 2
 19383 1
 19384 2
 19738 1
 19908 1
 20634 1
 21215 1
 21216 1
 21217 1
 21221 1
 21222 2
 21226 1
 21227 2
 21458 1
 21549 1
 21721 1
 21907 1
 22388 1
 23406 1
 23501 1
 25406 1
 26198 1
 26357 1
 26519 1
 26525 1
 26526 2
 27853 1
 28456 1
 28853 1
 28854 1
 28855 1
 28859 1
 28860 2
 28864 1
 28865 2
 30282 1
 30283 1
 30284 1
 30288 1
 30289 2
 30293 1
 30294 2
 30796 1
 30969 1
 32173 1
 32964 1
 32965 1
 32966 1
 32970 1
 32971 2
 32975 1
 32976 2
 34402 1
 34476 1
 37932 1
 37938 1
 37939 3
 37945 1
 37946 3
 37952 1
 37953 3
 37959 1
 37960 3
 37966 1
 37967 2
 38330 1
 40003 1
 42452 1
 42458 1
 42459 3
 42465 1
 42466 3
 42472 1
 42473 2
 42554 1
 42808 1
 44760 1
 45097 1
 49720 1
 50877 1
 50883 1
 50884 3
 50889 1
 50890 3
 50895 1
 50896 3
 50902 1
 50903 3
 50908 1
 50909 3
 50915 1
 50916 3
 50922 1
 50923 3
 50929 1
 50930 3
 50936 1
 50937 3
 50942 1
 50943 2
 52361 1
 58374 1
 62441 1
 62993 1
 65888 1
 73869 1
 91052 1
 112121 1
 114684 1
 114690 1
 114691 3
 114697 1
 114698 3
 114703 1
 114704 3
 114710 1
 114711 2
 127398 1
 127404 1
 127405 3
 127410 1
 127411 3
 127416 1
 127417 3
 127423 1
 127424 2
 189765 1
 189771 1
 189772 3
 189778 1
 189779 3
 189785 1
 189786 3
 189792 1
 189793 3
 189799 1
 189800 3
 189806 1
 189807 3
 189813 1
 189814 2
 458804 1
 458810 1
 458811 3
 458816 1
 458817 3
 458823 1
 458824 2
 509131 1
 509137 1
 509138 3
 509143 1
 509144 3
 509150 1
 509151 3
 509156 1
 509157 3
 509163 1
 509164 3
 509169 1
 509170 3
 509176 1
 509177 3
 509183 1
 509184 3
 509189 1
 509190 3
 509196 1
 509197 3
 509203 1
 509204 3
 509209 1
 509210 3
 509215 1
 509216 2
 688431 1
 1336970 1
 1336971 1
 1336972 1
 1336976 1
 1336977 2
 1336981 1
 1336982 2
 1573103 1
 1594567 1
 1595952 1
 1912635 1
 1912636 1
 1912637 1
 1912641 1
 1912642 2
 1912646 1
 1912647 2
 1946667 1
 1965057 1
 2302294 1
 2761994 1
 2790935 1
 3918835 1
 6619308 1
 6619309 1
 6619310 1
 6619314 1
 6619315 2
 6619319 1
 6619320 2
 6669720 1
 7183662 1
 7308945 1
 10835161 1
 10918237 1
 12421422 1


