 0 115588
 1 133442
 2 40786
 3 63035
 4 18274
 5 37376
 6 5190
 7 10725
 8 2436
 9 5503
 10 2272
 11 4937
 12 843
 13 2007
 14 510
 15 1259
 16 336
 17 860
 18 255
 19 662
 20 207
 21 557
 22 173
 23 466
 24 146
 25 401
 26 128
 27 356
 28 112
 29 316
 30 100
 31 286
 32 90
 33 241
 34 83
 35 218
 36 75
 37 210
 38 61
 39 158
 40 51
 41 143
 42 44
 43 125
 44 36
 45 97
 46 35
 47 91
 48 32
 49 91
 50 26
 51 70
 52 21
 53 60
 54 20
 55 54
 56 17
 57 47
 58 15
 59 44
 60 13
 61 33
 62 12
 63 34
 64 11
 65 29
 66 9
 67 37
 68 9
 69 21
 70 8
 71 18
 72 8
 73 19
 74 4
 75 11
 76 3
 77 9
 78 2
 79 6
 80 2
 81 6
 82 2
 83 6
 84 2
 85 6
 86 2
 87 10
 88 2
 89 5
 90 2
 91 5
 92 2
 93 5
 94 1
 95 3
 96 1
 97 3
 98 1
 99 3
 100 1
 101 3
 102 1
 103 3
 104 1
 105 3
 106 1
 107 3
 108 1
 109 3
 110 1
 111 3
 112 1
 113 3
 114 1
 115 3
 116 1
 117 3
 118 1
 119 6
 120 1
 121 2
 122 1
 123 3
 124 1
 125 3
