 number_of_ancestors | child_occurences 
---------------------+------------------
                   1 |            21533
                   2 |            69495
                   3 |           130120
                   4 |           113852
                   5 |             8599
                   6 |            19830
                   7 |            36570
                   8 |            52964
                   9 |             3280
                  10 |            13546
                  11 |            10845
                  13 |             2568
                  14 |            14212
                  17 |              196
                  18 |             3423
                  19 |            17057
                  20 |            21771
                  21 |              367
                  22 |              899
                  23 |              568
                  24 |              150
                  25 |              899
                  26 |             1603
                  27 |             9709
                  28 |             2613
                  29 |            16425
                  30 |             1359
                  31 |             2307
                  32 |             2552
                  34 |              247
                  35 |             1352
                  36 |               10
                  37 |              421
                  38 |             1802
                  39 |             2016
                  40 |              733
                  41 |             3600
                  42 |              106
                  43 |              529
                  44 |              181
                  45 |               56
                  46 |              604
                  47 |             2435
                  48 |                5
                  49 |              880
                  50 |             3626
                  51 |              210
                  52 |              196
                  53 |              232
                  54 |               64
                  55 |              321
                  56 |              189
                  57 |              117
                  58 |              637
                  59 |             1288
                  60 |                7
                  61 |              327
                  62 |             2892
                  63 |             4816
                  64 |               13
                  65 |               75
                  66 |               54
                  67 |             2189
                  68 |             7797
                  69 |               27
                  70 |              131
                  71 |              574
                  72 |              106
                  73 |               56
                  74 |               82
                  75 |               60
                  76 |               12
                  77 |               63
                  78 |              231
                  79 |             1131
                  80 |               46
                  81 |               13
                  82 |              208
                  83 |             1166
                  85 |              155
                  86 |              644
                  87 |              161
                  88 |               11
                  89 |               39
                  90 |               10
                  91 |               76
                  92 |              353
                  93 |                7
                  94 |              143
                  95 |              412
                  97 |               26
                  98 |              116
                  99 |              482
                 100 |               83
                 101 |              365
                 102 |               91
                 103 |              583
                 104 |              950
                 105 |                5
                 106 |               28
                 107 |              121
                 109 |              156
                 110 |              648
                 111 |              122
                 112 |               48
                 113 |              252
                 114 |               17
                 115 |               21
                 116 |                9
                 118 |               80
                 119 |              445
                 120 |               12
                 121 |               22
                 122 |               74
                 123 |               13
                 124 |              104
                 125 |              586
                 126 |               32
                 127 |              179
                 128 |               86
                 129 |                7
                 130 |                9
                 131 |               17
                 132 |               30
                 133 |               30
                 134 |              178
                 135 |              122
                 136 |                7
                 137 |               31
                 138 |               54
                 139 |              250
                 140 |               24
                 141 |                1
                 142 |               60
                 143 |              301
                 145 |              106
                 146 |              494
                 147 |               48
                 148 |                1
                 149 |                2
                 150 |                9
                 151 |              103
                 152 |              257
                 153 |                2
                 154 |               27
                 155 |              109
                 157 |                6
                 158 |               41
                 159 |              186
                 160 |                1
                 161 |                6
                 163 |                3
                 164 |               12
                 166 |               66
                 167 |              374
                 169 |                8
                 170 |               41
                 172 |                1
                 173 |                6
                 174 |               10
                 175 |               72
                 176 |               59
                 177 |               13
                 178 |               33
                 179 |              144
                 181 |                1
                 182 |               14
                 183 |               32
                 184 |               25
                 185 |              150
                 186 |                3
                 187 |               84
                 188 |              297
                 189 |               17
                 190 |                5
                 191 |               25
                 193 |               25
                 194 |               97
                 195 |                2
                 196 |               23
                 197 |               66
                 198 |               43
                 199 |              200
                 200 |                4
                 201 |                1
                 202 |               10
                 203 |               54
                 205 |                6
                 206 |               20
                 207 |               43
                 208 |               37
                 209 |              184
                 210 |                2
                 211 |               30
                 212 |              120
                 214 |               24
                 215 |              139
                 217 |               24
                 218 |               87
                 219 |               87
                 220 |                3
                 221 |               18
                 222 |                3
                 223 |               15
                 224 |                3
                 226 |               34
                 227 |              193
                 229 |               40
                 230 |              145
                 231 |                8
                 232 |                2
                 233 |                7
                 235 |                8
                 236 |               32
                 238 |               16
                 239 |               91
                 240 |                1
                 241 |                7
                 242 |                1
                 245 |                1
                 246 |               16
                 247 |               48
                 248 |               10
                 250 |               14
                 251 |               79
                 252 |                1
                 253 |               10
                 254 |               43
                 255 |               76
                 257 |                4
                 258 |                8
                 259 |               26
                 260 |               14
                 261 |                2
                 262 |               16
                 263 |               27
                 264 |                1
                 265 |                1
                 268 |               24
                 269 |              141
                 270 |                1
                 271 |               30
                 272 |               83
                 277 |                5
                 278 |               37
                 279 |               54
                 280 |                4
                 281 |               17
                 282 |                1
                 286 |                8
                 287 |               47
                 289 |                4
                 290 |                4
                 292 |               10
                 293 |               59
                 294 |                9
                 295 |               60
                 296 |               53
                 297 |                1
                 298 |                4
                 299 |               18
                 301 |                3
                 302 |               15
                 303 |                4
                 304 |                4
                 305 |               24
                 306 |                3
                 307 |               16
                 308 |                1
                 310 |               16
                 311 |               88
                 313 |               12
                 314 |               56
                 318 |                1
                 319 |                7
                 320 |               12
                 322 |                9
                 323 |               51
                 325 |                3
                 326 |                3
                 334 |               11
                 335 |               62
                 337 |                2
                 338 |                2
                 340 |               11
                 341 |               64
                 343 |                6
                 344 |               10
                 349 |                1
                 350 |                6
                 351 |                6
                 352 |                9
                 353 |               48
                 354 |                1
                 355 |               11
                 356 |               29
                 358 |                9
                 359 |               38
                 364 |                2
                 365 |               11
                 366 |                1
                 367 |                6
                 370 |                1
                 371 |                6
                 374 |                4
                 375 |               21
                 376 |                1
                 377 |                6
                 379 |               13
                 380 |               54
                 382 |                9
                 383 |               54
                 385 |                4
                 386 |               11
                 388 |                1
                 389 |                6
                 390 |                1
                 391 |                6
                 392 |                2
                 393 |               13
                 394 |               14
                 395 |               68
                 403 |               12
                 404 |               69
                 406 |                8
                 407 |               12
                 412 |                1
                 413 |                6
                 414 |                7
                 415 |               39
                 416 |                5
                 417 |                2
                 418 |                2
                 422 |                1
                 423 |                4
                 430 |                5
                 431 |               30
                 433 |                1
                 434 |                1
                 436 |               12
                 437 |               65
                 438 |                6
                 439 |               29
                 440 |               14
                 442 |                6
                 443 |               36
                 445 |                3
                 446 |                3
                 451 |                3
                 452 |               12
                 454 |               11
                 455 |               61
                 457 |                2
                 458 |                6
                 463 |               10
                 464 |               40
                 466 |               13
                 467 |               78
                 469 |                3
                 470 |                6
                 478 |                4
                 479 |               22
                 486 |                1
                 487 |                4
                 494 |                5
                 495 |               26
                 502 |                6
                 503 |               34
                 505 |                1
                 506 |                2
                 507 |                6
                 508 |                1
                 509 |                5
                 510 |                5
                 511 |               30
                 518 |                2
                 519 |               10
                 520 |                2
                 521 |               10
                 526 |                2
                 527 |               11
                 529 |                8
                 530 |               46
                 531 |                1
                 532 |                5
                 533 |                6
                 534 |                1
                 535 |                7
                 536 |                1
                 537 |                1
                 538 |                7
                 539 |               35
                 541 |                2
                 542 |                3
                 543 |                6
                 544 |                1
                 545 |                6
                 547 |                2
                 548 |                8
                 553 |                1
                 554 |                6
                 559 |                1
                 560 |                6
                 562 |                7
                 563 |               33
                 565 |                2
                 566 |                8
                 568 |                4
                 569 |               23
                 571 |                2
                 572 |                2
                 574 |                1
                 575 |                5
                 583 |                1
                 584 |                4
                 586 |                1
                 587 |                6
                 589 |                2
                 590 |               15
                 591 |               18
                 592 |               14
                 593 |               81
                 594 |                2
                 595 |                2
                 596 |                2
                 598 |                1
                 599 |                4
                 604 |                2
                 605 |               10
                 614 |                3
                 615 |               15
                 619 |                1
                 620 |                4
                 622 |               14
                 623 |               83
                 625 |                3
                 626 |                3
                 638 |                4
                 639 |               23
                 641 |                1
                 642 |                1
                 646 |                5
                 647 |               27
                 649 |                1
                 650 |                1
                 654 |                3
                 655 |               26
                 656 |               66
                 657 |                1
                 658 |                1
                 670 |                5
                 671 |               30
                 673 |                4
                 674 |               14
                 676 |                1
                 677 |                1
                 678 |                2
                 679 |               11
                 680 |                4
                 682 |                8
                 683 |               47
                 685 |                1
                 686 |                2
                 687 |                6
                 688 |                1
                 689 |                5
                 691 |                3
                 692 |               12
                 694 |                1
                 695 |                6
                 700 |                1
                 701 |                6
                 702 |                1
                 703 |                7
                 704 |                1
                 706 |                8
                 707 |               46
                 710 |                1
                 711 |                6
                 718 |                6
                 719 |               35
                 721 |                2
                 722 |                2
                 730 |                2
                 731 |               11
                 733 |                1
                 734 |                6
                 738 |                1
                 739 |                7
                 740 |                6
                 742 |                5
                 743 |               28
                 745 |                1
                 746 |                1
                 750 |                3
                 751 |               17
                 760 |                2
                 761 |               12
                 763 |                1
                 764 |                1
                 766 |                3
                 767 |               17
                 772 |                1
                 773 |                5
                 774 |                2
                 775 |               10
                 778 |                7
                 779 |               40
                 781 |                3
                 782 |               12
                 784 |                1
                 785 |                1
                 786 |                2
                 787 |               13
                 788 |                6
                 790 |               13
                 791 |               72
                 793 |                2
                 794 |                2
                 796 |                1
                 797 |                6
                 799 |                1
                 800 |                1
                 808 |                1
                 809 |                6
                 814 |                1
                 815 |                5
                 817 |                3
                 818 |               12
                 830 |                4
                 831 |               23
                 835 |                1
                 836 |                4
                 838 |                2
                 839 |               11
                 844 |                3
                 845 |               16
                 847 |                1
                 848 |                1
                 862 |                1
                 863 |                5
                 874 |               12
                 875 |               67
                 877 |                2
                 878 |                3
                 879 |                6
                 880 |                1
                 881 |                7
                 882 |                1
                 883 |                8
                 884 |               46
                 886 |                2
                 887 |                7
                 889 |                2
                 890 |                6
                 894 |                2
                 895 |               11
                 897 |                1
                 898 |                1
                 907 |                2
                 908 |               10
                 910 |                6
                 911 |               33
                 913 |                2
                 914 |                2
                 919 |                1
                 920 |                4
                 922 |                3
                 923 |               17
                 934 |                5
                 935 |               29
                 937 |                1
                 938 |                4
                 939 |               16
                 943 |                4
                 944 |               21
                 958 |                3
                 959 |               18
                 961 |                2
                 962 |                2
                 970 |                3
                 971 |               17
                 973 |                1
                 974 |                1
                 983 |                2
                 984 |               12
                 988 |                9
                 989 |               50
                 990 |                4
                 991 |               23
                 992 |                1
                1006 |                2
                1007 |               12
                1009 |                1
                1010 |                1
                1014 |                1
                1015 |                7
                1016 |                4
                1022 |                1
                1023 |                6
                1027 |                1
                1028 |                6
                1033 |                1
                1034 |                5
                1036 |                1
                1037 |                5
                1038 |                4
                1039 |               23
                1042 |                1
                1043 |                5
                1054 |                1
                1055 |                6
                1060 |                7
                1061 |               41
                1063 |                4
                1064 |                4
                1073 |                1
                1074 |                4
                1078 |                3
                1079 |               16
                1081 |                1
                1082 |                1
                1086 |                1
                1087 |                8
                1088 |                8
                1090 |                2
                1091 |               12
                1093 |               11
                1094 |               56
                1096 |                3
                1097 |                7
                1108 |                1
                1109 |                6
                1126 |                5
                1127 |               26
                1129 |                1
                1130 |                1
                1138 |                4
                1139 |               23
                1147 |                1
                1148 |                4
                1150 |                2
                1151 |               10
                1159 |                1
                1160 |                5
                1174 |                1
                1175 |                6
                1177 |                1
                1178 |                1
                1180 |                2
                1181 |               12
                1186 |                9
                1187 |               50
                1189 |                2
                1190 |                3
                1191 |                4
                1195 |                1
                1196 |                5
                1198 |                1
                1199 |                5
                1210 |                2
                1211 |               10
                1230 |                3
                1231 |               15
                1237 |                3
                1238 |               22
                1239 |               23
                1241 |                1
                1242 |                1
                1246 |                5
                1247 |               30
                1249 |                2
                1250 |                2
                1254 |                1
                1255 |                8
                1256 |               12
                1268 |                1
                1269 |                6
                1278 |                1
                1279 |                5
                1294 |                2
                1295 |               11
                1297 |                1
                1298 |                1
                1302 |                1
                1303 |                5
                1304 |                5
                1312 |                8
                1313 |               45
                1314 |                2
                1315 |               12
                1316 |                1
                1318 |                2
                1319 |                9
                1321 |                1
                1322 |                5
                1350 |                2
                1351 |                8
                1357 |                1
                1358 |                5
                1359 |                6
                1366 |                5
                1367 |               27
                1374 |                1
                1375 |                6
                1376 |                4
                1377 |                2
                1378 |               12
                1379 |                5
                1384 |                5
                1385 |               27
                1387 |                1
                1388 |                1
                1406 |                1
                1407 |                6
                1408 |                2
                1409 |               10
                1411 |                1
                1412 |                4
                1414 |                3
                1415 |               18
                1417 |                2
                1418 |                2
                1438 |                3
                1439 |               16
                1446 |                1
                1447 |                5
                1448 |                4
                1454 |                2
                1455 |               11
                1462 |                1
                1463 |                5
                1480 |                1
                1481 |                6
                1483 |                2
                1484 |                6
                1486 |                3
                1487 |               16
                1494 |                1
                1495 |                6
                1502 |                3
                1503 |               18
                1505 |                1
                1506 |                1
                1510 |                1
                1511 |                6
                1513 |                2
                1514 |               12
                1518 |                1
                1519 |                6
                1521 |                1
                1522 |                2
                1523 |                5
                1531 |                7
                1532 |               37
                1534 |                1
                1535 |                6
                1538 |                3
                1539 |               17
                1540 |                1
                1541 |                6
                1542 |                1
                1546 |                1
                1547 |                5
                1550 |                1
                1551 |                6
                1564 |                1
                1565 |                5
                1567 |                1
                1568 |                4
                1574 |                2
                1575 |               12
                1576 |                1
                1577 |                8
                1578 |                2
                1582 |                5
                1583 |               29
                1585 |                1
                1586 |                1
                1591 |                3
                1592 |               14
                1594 |                3
                1595 |               16
                1603 |                1
                1604 |                4
                1618 |                1
                1619 |                6
                1662 |                3
                1663 |               18
                1664 |                6
                1665 |                1
                1666 |                1
                1670 |                1
                1671 |                5
                1678 |                1
                1679 |                6
                1681 |                1
                1682 |                1
                1690 |                3
                1691 |               16
                1699 |                1
                1700 |                4
                1723 |                1
                1724 |                5
                1726 |                1
                1727 |                5
                1734 |                2
                1735 |               10
                1750 |                5
                1751 |               27
                1753 |                1
                1754 |                1
                1759 |                2
                1760 |                8
                1768 |                1
                1769 |                6
                1776 |                1
                1777 |                7
                1778 |                4
                1780 |                4
                1781 |               21
                1798 |                1
                1799 |                6
                1816 |                2
                1817 |               10
                1822 |                3
                1823 |               15
                1825 |                1
                1826 |                6
                1828 |                1
                1829 |                6
                1830 |                1
                1831 |                4
                1846 |                3
                1847 |               15
                1870 |                1
                1871 |                6
                1878 |                1
                1879 |                6
                1880 |                4
                1888 |                2
                1889 |               12
                1891 |                2
                1892 |                2
                1927 |                2
                1928 |                8
                1933 |                1
                1934 |                5
                1942 |                1
                1943 |                5
                1945 |                1
                1946 |                6
                1951 |                1
                1952 |                4
                1954 |                1
                1955 |                6
                1969 |                4
                1970 |               20
                1972 |                2
                1973 |               10
                1978 |                3
                1979 |               16
                1982 |                2
                1983 |               11
                1985 |                1
                1986 |                1
                1987 |                1
                1988 |                4
                2014 |                1
                2015 |                5
                2022 |                1
                2023 |                4
                2030 |                1
                2031 |                5
                2050 |                3
                2051 |               17
                2066 |                1
                2067 |                5
                2068 |                1
                2069 |                5
                2074 |                1
                2075 |                6
                2077 |                1
                2078 |                6
                2079 |                5
                2086 |                1
                2087 |                5
                2110 |                1
                2111 |                6
                2119 |                2
                2120 |               11
                2122 |                1
                2123 |                1
                2131 |                3
                2132 |               12
                2154 |                2
                2155 |               12
                2158 |                1
                2159 |                6
                2166 |                1
                2167 |                6
                2176 |                3
                2177 |               17
                2188 |                4
                2189 |               22
                2191 |                1
                2192 |                1
                2194 |                1
                2195 |                5
                2197 |                2
                2198 |                8
                2218 |                1
                2219 |                6
                2230 |                1
                2231 |                5
                2254 |                3
                2255 |               17
                2257 |                2
                2258 |                2
                2262 |                1
                2263 |                4
                2266 |                1
                2267 |                5
                2278 |                3
                2279 |               17
                2281 |                2
                2282 |                2
                2284 |                1
                2285 |                5
                2286 |                1
                2287 |                5
                2302 |                1
                2303 |                5
                2320 |                1
                2321 |                5
                2326 |                1
                2327 |                6
                2347 |                1
                2348 |                6
                2358 |                1
                2359 |                4
                2365 |                1
                2366 |                6
                2374 |                6
                2375 |               33
                2383 |                2
                2384 |                9
                2392 |                1
                2393 |                5
                2407 |                3
                2408 |               16
                2410 |                1
                2411 |                1
                2413 |                1
                2414 |                5
                2422 |                1
                2423 |                5
                2462 |                2
                2463 |               10
                2478 |                1
                2479 |                6
                2481 |                1
                2482 |                1
                2494 |                1
                2495 |                6
                2502 |                1
                2503 |                5
                2504 |                4
                2506 |                1
                2507 |                5
                2510 |                1
                2511 |                6
                2536 |                1
                2537 |                6
                2538 |                1
                2539 |                6
                2545 |                1
                2546 |                5
                2560 |                1
                2561 |                5
                2572 |                3
                2573 |               15
                2590 |                2
                2591 |               11
                2599 |                1
                2600 |                4
                2608 |                1
                2609 |                6
                2611 |                1
                2612 |                1
                2626 |                2
                2627 |               11
                2635 |                1
                2636 |                4
                2638 |                1
                2639 |                6
                2641 |                1
                2642 |                1
                2644 |                1
                2645 |                6
                2702 |                1
                2703 |                5
                2707 |                1
                2708 |                5
                2725 |                1
                2726 |                5
                2734 |                2
                2735 |               11
                2750 |                1
                2751 |                5
                2758 |                1
                2759 |                5
                2770 |                5
                2771 |               29
                2773 |                2
                2774 |                7
                2776 |                1
                2777 |                1
                2779 |                1
                2780 |                4
                2818 |                1
                2819 |                5
                2839 |                2
                2840 |                8
                2845 |                2
                2846 |               11
                2848 |                1
                2849 |                1
                2878 |                1
                2879 |                6
                2910 |                1
                2911 |                6
                2913 |                1
                2914 |                2
                2915 |                5
                2926 |                1
                2927 |                6
                2929 |                1
                2930 |                1
                2962 |                1
                2963 |                6
                2965 |                1
                2966 |                1
                2968 |                3
                2969 |               16
                3014 |                1
                3015 |                4
                3028 |                1
                3029 |                6
                3046 |                1
                3047 |                4
                3064 |                1
                3065 |                5
                3078 |                1
                3079 |                5
                3082 |                1
                3083 |                6
                3086 |                1
                3087 |                4
                3094 |                1
                3095 |                5
                3100 |                1
                3101 |                5
                3102 |                1
                3103 |                7
                3104 |                6
                3112 |                1
                3113 |                6
                3157 |                2
                3158 |                8
                3166 |                4
                3167 |               22
                3169 |                1
                3170 |                1
                3175 |                1
                3176 |                4
                3238 |                1
                3239 |                6
                3283 |                1
                3284 |                5
                3331 |                1
                3332 |                5
                3334 |                1
                3335 |                4
                3342 |                1
                3343 |                6
                3345 |                1
                3346 |                1
                3364 |                2
                3365 |               12
                3367 |                2
                3368 |                5
                3382 |                1
                3383 |                6
                3386 |                1
                3387 |                5
                3448 |                1
                3449 |                5
                3454 |                1
                3455 |                5
                3481 |                1
                3482 |                5
                3502 |                1
                3503 |                6
                3511 |                1
                3512 |                4
                3562 |                2
                3563 |               11
                3589 |                1
                3590 |                6
                3634 |                1
                3635 |                5
                3664 |                1
                3665 |                5
                3694 |                1
                3695 |                5
                3721 |                1
                3722 |                5
                3742 |                1
                3743 |                5
                3760 |                1
                3761 |                6
                3763 |                1
                3764 |                1
                3766 |                1
                3767 |                6
                3787 |                2
                3788 |                8
                3793 |                1
                3794 |                6
                3796 |                1
                3797 |                1
                3868 |                1
                3869 |                5
                3878 |                1
                3879 |                6
                3886 |                2
                3887 |               11
                3889 |                1
                3890 |                1
                3910 |                1
                3911 |                6
                3937 |                1
                3938 |                5
                3940 |                1
                3941 |                6
                3946 |                1
                3947 |                5
                3949 |                1
                3950 |                5
                3967 |                1
                3968 |                6
                3970 |                1
                3971 |                1
                3974 |                1
                3975 |                4
                4002 |                1
                4003 |                5
                4030 |                1
                4031 |                5
                4102 |                1
                4103 |                6
                4126 |                1
                4127 |                6
                4129 |                1
                4130 |                1
                4150 |                1
                4151 |                5
                4210 |                1
                4211 |                6
                4228 |                1
                4229 |                6
                4240 |                1
                4241 |                5
                4249 |                1
                4250 |                4
                4255 |                1
                4256 |                5
                4310 |                1
                4311 |                6
                4313 |                1
                4314 |                1
                4318 |                1
                4319 |                5
                4334 |                1
                4335 |                6
                4387 |                1
                4388 |                4
                4510 |                1
                4511 |                5
                4518 |                1
                4519 |                4
                4534 |                1
                4535 |                6
                4537 |                1
                4538 |                1
                4543 |                1
                4544 |                6
                4566 |                1
                4567 |                4
                4606 |                1
                4607 |                5
                4624 |                1
                4625 |                6
                4642 |                1
                4643 |                5
                4750 |                1
                4751 |                6
                4768 |                1
                4769 |                5
                4786 |                1
                4787 |                6
                4792 |                1
                4793 |                5
                4846 |                1
                4847 |                5
                4894 |                1
                4895 |                5
                5022 |                1
                5023 |                6
                5025 |                1
                5026 |                1
                5029 |                1
                5030 |                5
                5074 |                1
                5075 |                5
                5092 |                1
                5093 |                5
                5149 |                1
                5150 |                6
                5152 |                1
                5153 |                1
                5182 |                1
                5183 |                5
                5188 |                1
                5189 |                6
                5227 |                1
                5228 |                4
                5287 |                1
                5288 |                4
                5356 |                1
                5357 |                5
                5416 |                1
                5417 |                5
                5470 |                2
                5471 |               10
                5550 |                1
                5551 |                4
                5557 |                1
                5558 |                4
                5638 |                1
                5639 |                6
                5641 |                1
                5642 |                1
                5758 |                1
                5759 |                6
                5761 |                1
                5762 |                1
                5803 |                1
                5804 |                6
                5806 |                1
                5807 |                1
                5830 |                1
                5831 |                4
                5866 |                1
                5867 |                6
                5934 |                1
                5935 |                4
                5983 |                1
                5984 |                6
                5986 |                1
                5987 |                1
                6166 |                1
                6167 |                5
                6226 |                1
                6227 |                5
                6343 |                1
                6344 |                4
                6502 |                1
                6503 |                6
                6510 |                1
                6511 |                6
                6513 |                1
                6514 |                1
                6694 |                1
                6695 |                4
                6838 |                1
                6839 |                6
                7126 |                1
                7127 |                6
                7153 |                1
                7154 |                6
                7264 |                1
                7265 |                6
                7531 |                1
                7532 |                4
                7597 |                1
                7598 |                4
                7639 |                1
                7640 |                6
                7708 |                1
                7709 |                6
                7711 |                1
                7712 |                1
                7822 |                1
                7823 |                6
                7900 |                1
                7901 |                5
                7945 |                1
                7946 |                4
                8206 |                1
                8207 |                5
                8302 |                1
                8303 |                5
                8630 |                1
                8631 |                4
                9340 |                1
                9341 |                6
                9502 |                1
                9503 |                6
                9538 |                1
                9539 |                5
                9574 |                1
                9575 |                5
                9778 |                1
                9779 |                6
               10186 |                1
               10187 |                5
               10378 |                1
               10379 |                5
               10942 |                1
               10943 |                6
               11287 |                1
               11288 |                4
               11416 |                1
               11417 |                6
               11425 |                1
               11426 |                5
               11734 |                1
               11735 |                6
               11851 |                1
               11852 |                6
               11878 |                1
               11879 |                6
               11887 |                1
               11888 |                6
               11923 |                1
               11924 |                5
               11977 |                1
               11978 |                4
               12310 |                1
               12311 |                5
               12733 |                1
               12734 |                6
               13678 |                1
               13679 |                5
               13690 |                1
               13691 |                6
               13693 |                1
               13694 |                1
               14308 |                1
               14309 |                6
               15046 |                1
               15047 |                5
               15280 |                1
               15281 |                5
               15427 |                1
               15428 |                4
               15802 |                1
               15803 |                6
               16414 |                1
               16415 |                5
               16693 |                1
               16694 |                5
               17782 |                1
               17783 |                6
               17827 |                1
               17828 |                6
               19078 |                1
               19079 |                5
               19150 |                1
               19151 |                5
               19753 |                1
               19754 |                6
               19756 |                1
               19757 |                1
               20374 |                1
               20375 |                6
               20518 |                1
               20519 |                5
               21463 |                1
               21464 |                5
               21886 |                1
               21887 |                5
               22852 |                1
               22853 |                6
               22855 |                1
               22856 |                1
               22921 |                1
               22922 |                5
               23254 |                1
               23255 |                6
               23776 |                1
               23777 |                6
               23785 |                1
               23786 |                6
               23848 |                1
               23849 |                6
               24622 |                1
               24623 |                6
               24630 |                1
               24631 |                5
               25468 |                1
               25469 |                6
               26233 |                1
               26234 |                5
               28015 |                1
               28016 |                5
               28618 |                1
               28619 |                5
               30562 |                1
               30563 |                6
               30569 |                1
               30570 |                5
               31003 |                1
               31004 |                5
               33388 |                1
               33389 |                6
               35773 |                1
               35774 |                5
               38158 |                1
               38159 |                5
               40543 |                1
               40544 |                6
               42928 |                1
               42929 |                6
               42937 |                1
               42938 |                5
               45715 |                1
               45716 |                4
               47572 |                1
               47573 |                6
               49262 |                1
               49263 |                6
               61140 |                1
               61141 |                5
               71359 |                1
               71360 |                6
               71368 |                1
               71369 |                6
               73894 |                1
               73895 |                6
               85876 |                1
               85877 |                6
               91711 |                1
               91712 |                6
               98526 |                1
               98527 |                6
              122282 |                1
              122283 |                5
              123158 |                1
              123159 |                6
              128815 |                1
              128816 |                6
              142738 |                1
              142739 |                6
              147790 |                1
              147791 |                6
              147798 |                1
              147799 |                5
              152853 |                1
              152854 |                6
              171754 |                1
              171755 |                6
              183424 |                1
              183425 |                5
              213995 |                1
              213996 |                6
              214108 |                1
              214109 |                6
              214693 |                1
              214694 |                6
              244566 |                1
              244567 |                6
              257632 |                1
              257633 |                6
              275137 |                1
              275138 |                5
              285478 |                1
              285479 |                6
              295598 |                1
              295599 |                6
              295601 |                1
              295602 |                1
              300571 |                1
              300572 |                6
              300580 |                1
              300581 |                5
              305708 |                1
              305709 |                6
              336279 |                1
              336280 |                5
              356848 |                1
              356849 |                6
              356857 |                1
              356858 |                6
              366850 |                1
              366851 |                6
              397421 |                1
              397422 |                5
              427992 |                1
              427993 |                6
              458563 |                1
              458564 |                5
              489134 |                1
              489135 |                6
              519705 |                1
              519706 |                5
              550276 |                1
              550277 |                6
              580847 |                1
              580848 |                6
              580854 |                1
              580855 |                5
              591206 |                1
              591207 |                4
              601162 |                1
              601163 |                6
              713716 |                1
              713717 |                6
              713725 |                1
              713726 |                6
              713728 |                1
              713729 |                1
              901744 |                1
              901745 |                6
              901747 |                1
              901748 |                1
             1161710 |                1
             1161711 |                5
             1427461 |                1
             1427462 |                4
             1742566 |                1
             1742567 |                5
             1803499 |                1
             1803500 |                4
             2323422 |                1
             2323423 |                5
             2904278 |                1
             2904279 |                6
             2904281 |                1
             2904282 |                1
             5808565 |                1
             5808566 |                4
(1554 rows)

