 0 105226
 1 228721
 2 34930
 3 83284
 4 14716
 5 13757
 6 8671
 7 50520
 8 6885
 9 34988
 10 8380
 11 24997
 12 1943
 13 7273
 14 991
 15 3969
 16 580
 17 2545
 18 405
 19 1796
 20 281
 21 1314
 22 211
 23 1015
 24 168
 25 860
 26 151
 27 754
 28 133
 29 669
 30 117
 31 601
 32 105
 33 538
 34 97
 35 483
 36 89
 37 408
 38 71
 39 342
 40 58
 41 296
 42 59
 43 268
 44 44
 45 225
 46 43
 47 200
 48 37
 49 165
 50 29
 51 135
 52 22
 53 115
 54 24
 55 116
 56 20
 57 93
 58 15
 59 69
 60 14
 61 71
 62 13
 63 66
 64 12
 65 54
 66 9
 67 49
 68 9
 69 45
 70 8
 71 47
 72 10
 73 34
 74 4
 75 19
 76 3
 77 17
 78 3
 79 16
 80 3
 81 18
 82 4
 83 16
 84 2
 85 12
 86 2
 87 10
 88 2
 89 12
 90 2
 91 12
 92 3
 93 10
 94 1
 95 6
 96 1
 97 5
 98 1
 99 6
 100 1
 101 5
 102 1
 103 6
 104 1
 105 5
 106 1
 107 6
 108 1
 109 5
 110 1
 111 6
 112 1
 113 6
 114 1
 115 5
 116 1
 117 5
 118 1
 119 5
 120 1
 121 5
 122 1
 123 6
 124 2
 125 5
